1 0.420608 0.589023 0.206081 0.821954
2 0.625000 0.756801 0.054054 0.177688
2 0.682432 0.750455 0.047297 0.190380
2 0.138514 0.755532 0.054054 0.180226
2 0.255068 0.761878 0.064189 0.162458
2 0.017736 0.758071 0.035472 0.190380
2 0.070946 0.746648 0.054054 0.192918
2 0.200169 0.634958 0.032095 0.045691
2 0.258446 0.637497 0.037162 0.045691
2 0.600507 0.636227 0.035473 0.027922
2 0.668074 0.624805 0.052365 0.030461
2 0.736486 0.660342 0.027027 0.065998
2 0.788851 0.665419 0.030405 0.060922
1 0.858953 0.643843 0.065878 0.129458
2 0.964527 0.732687 0.070946 0.185303